0#0 1 2 3 4 5 6 7 8#0 1 7 8 14 15 21 22 28 29 35 36 42 43 49 50 56 57#0 10 20 30 40 50 60 70 80
1#1 2 3 4 5 6 7 8 9#7 8 14 15 21 22 28 29 35 36 42 43 49 50 56 57 63 64#0 10 20 30 40 50 60 70 80
2#2 3 4 5 6 7 8 9 10#14 15 21 22 28 29 35 36 42 43 49 50 56 57 63 64 70 71#0 10 20 30 40 50 60 70 80
3#3 4 5 6 7 8 9 10 11#21 22 28 29 35 36 42 43 49 50 56 57 63 64 70 71 77 78#0 10 20 30 40 50 60 70 80
4#4 5 6 7 8 9 10 11 12#28 29 35 36 42 43 49 50 56 57 63 64 70 71 77 78 84 85#0 10 20 30 40 50 60 70 80
5#5 6 7 8 9 10 11 12 13#35 36 42 43 49 50 56 57 63 64 70 71 77 78 84 85 93 94#0 10 20 30 40 50 60 70 80
6#6 7 8 9 10 11 12 13 14#0 1 7 8 14 15 21 22 28 29 35 36 42 43 49 50 56 57#0 10 20 30 40 50 60 70 80
7#7 8 9 10 11 12 13 14 15#7 8 14 15 21 22 28 29 35 36 42 43 49 50 56 57 63 64#0 10 20 30 40 50 60 70 80
8#8 9 10 11 12 13 14 15 16#7 8 14 15 21 22 28 29 35 36 42 43 49 50 56 57 63 64#0 10 20 30 40 50 60 70 80
9#9 10 11 12 13 14 15 16 17#7 8 14 15 21 22 28 29 35 36 42 43 49 50 56 57 63 64#0 10 20 30 40 50 60 70 80
10#10 11 12 13 14 15 16 17 18#0 1 7 8 14 15 21 22 28 29 35 36 42 43 49 50 56 57#0 10 20 30 40 50 60 70 80
11#11 12 13 14 15 16 17 18 19#21 22 28 29 35 36 42 43 49 50 56 57 63 64 70 71 77 78#0 10 20 30 40 50 60 70 80
12#12 13 14 15 16 17 18 19 20#21 22 28 29 35 36 42 43 49 50 56 57 63 64 70 71 77 78#0 10 20 30 40 50 60 70 80
13#0 1 2 3 4 5 6 7 8#0 1 7 8 14 15 21 22 28 29 35 36 42 43 49 50 56 57#0 10 20 30 40 50 60 70 80
14#1 2 3 4 5 6 7 8 9#7 8 14 15 21 22 28 29 35 36 42 43 49 50 56 57 63 64#0 10 20 30 40 50 60 70 80
15#2 3 4 5 6 7 8 9 10#14 15 21 22 28 29 35 36 42 43 49 50 56 57 63 64 70 71#0 10 20 30 40 50 60 70 80
16#3 4 5 6 7 8 9 10 11#21 22 28 29 35 36 42 43 49 50 56 57 63 64 70 71 77 78#0 10 20 30 40 50 60 70 80
17#4 5 6 7 8 9 10 11 12#28 29 35 36 42 43 49 50 56 57 63 64 70 71 77 78 84 85#0 10 20 30 40 50 60 70 80
18#5 6 7 8 9 10 11 12 13#35 36 42 43 49 50 56 57 63 64 70 71 77 78 84 85 93 94#0 10 20 30 40 50 60 70 80
19#6 7 8 9 10 11 12 13 14#0 1 7 8 14 15 21 22 28 29 35 36 42 43 49 50 56 57#0 10 20 30 40 50 60 70 80
